101010101010101010101010 1001011011001011011011011001001011011001011001001001011011001001011011001011001011001011001

101010101010101010101010 100101101100101101101101100100101101
                                                             -0010110010010010110110010010110110010110010110
                                                                                                            -1011001  ?01101011000110100000001111110000000?


1010101010101010-0101010 100101101100101101101101100
                                                    -00101101100101100100100101101100100101101100101
                                                                                                    -001011001011001
                                                                                                                     ?01101011000110100000001111110000000?

1010101010101010101010-- 10010110110
                                    -101101101101100100101101100101100100100101101
                                                                                  -001001011011001011001011001011001
                                                                                                                     ?0110101100010100000000111110000000011111111111111111111111111110111111011000011100100110000000


// Carro do Pablo

1001011011001011011011011001001011011001011001001001011011001001011011001011001011001011001

1001011011001011011011011001001011011001011001001001011011001001011011001011001011001

100101101100101101101101100100101101100101100100100101101100100101101100101100101100110111111111110111111111111111111111110111111111110111111111111011111111111111111111111111111111111111111111111111


1001011011011001011001011011011001011011011001011011001011001011001001011011001011001

1001011011001011011011011001001011011001011001001001011011001001011011001011001011001011001

1001011011001011011011011001001011011001011001001001011011001001011011001011001011001011001


    00101101100101101101101100100101101100101100100100101101100100101101100101100101100100
    110010110110010110110110110010010110110010

    00101101100101101101101100100101101100101100100100101101100100101101100101100101100100

    00101101100101101101101100100101101100101100100100101101100100101

    001011011001011011011011001001011011001011001001001011011001001011011001011001011001

    001011011001011011011011001001011011001011001001001011011001001011011001011001011001

    001011011001011011011011001001011011001011001001001011011001001011011001011001011001

    001011011001011011011011001001011011001011001001001011011001001011011001011001011001
    
    001011011001011011011011001001011011001011001001001011011001001011011001011001011001

    001011011001011011011011001001011011001011001001001011011001001011011001011001011001

010101-001011011001011011011011001001011011001011001001001011011001001011011001011001011001

    010101010110100100110100100100100110110100100110100110110110100100110110100100110100110100110101101001001101001001001001101101001001101001101101101001001101101001001101001101001101011010010011010010010010011011010010011010011011011010010011011010010011010011010011010110100100110100100100100110110100100110100110110110

101001101100101101100101001
101001101100101101100101001